113.909210,22.670221,64.606003,61.646999,737.210022
113.909210,22.670221,64.606003,61.646999,727.851013
113.909210,22.670221,64.606003,61.646999,891.434021
113.909286,22.670259,59.188999,56.230000,728.570984
113.909409,22.670282,55.925999,52.967999,708.096008
113.909470,22.670300,57.384998,54.426998,695.471008
113.909508,22.670317,57.243000,54.285000,686.773010
113.909546,22.670338,57.617001,54.658001,680.395020
113.909576,22.670353,58.162998,55.205002,675.512024
113.909607,22.670368,60.313999,57.355999,671.650024
113.909637,22.670383,59.820999,56.862999,668.520020
113.909676,22.670391,59.528000,56.570000,665.929993
113.909714,22.670399,60.168999,57.210999,663.752014
113.909729,22.670403,59.183998,56.227001,661.893982
113.909744,22.670404,60.259998,57.301998,660.291016
113.909760,22.670406,61.785000,58.827999,658.893005
113.909760,22.670408,61.898998,58.941002,657.664001
113.909760,22.670410,61.202999,58.245998,656.575012
113.909767,22.670412,61.464001,58.506001,655.601990
113.909775,22.670412,61.828999,58.872002,654.729004
113.909790,22.670416,60.208000,57.250000,653.940002
113.909798,22.670418,60.375999,57.418999,653.224976
113.909813,22.670422,60.789001,57.832001,652.572021
113.909821,22.670425,61.050999,58.094002,651.974976
113.909836,22.670427,63.516998,60.558998,651.427002
113.909851,22.670431,63.001999,60.044998,650.921021
113.909851,22.670427,63.855000,60.897999,650.453003
113.909828,22.670416,64.730003,61.772999,650.018982
113.909790,22.670399,65.433998,62.477001,649.614990
113.909782,22.670393,65.314003,62.356998,649.239014
113.909767,22.670385,65.018997,62.061001,648.888000
113.909767,22.670383,65.081001,62.124001,648.557983
113.909767,22.670380,65.356003,62.398998,648.249023
113.909760,22.670376,64.333000,61.375999,647.960022
113.909752,22.670374,63.715000,60.757999,647.684998
113.909752,22.670370,62.653000,59.695999,647.427002
113.909752,22.670370,63.289001,60.332001,647.182007
113.909752,22.670368,63.632000,60.674999,646.950012
113.909752,22.670366,63.785999,60.827999,646.729980
113.909752,22.670368,64.183998,61.227001,646.521973
113.909760,22.670368,63.860001,60.902000,646.322998
113.909752,22.670366,63.436001,60.478001,646.135010
113.909760,22.670364,62.664001,59.707001,645.955017
113.909760,22.670364,62.743999,59.786999,645.783020
113.909767,22.670364,62.926998,59.969002,645.619995
113.909767,22.670364,62.351002,59.394001,645.465027
113.909775,22.670364,61.625000,58.667000,645.315979
113.909775,22.670366,60.592999,57.636002,645.174988
113.909782,22.670366,60.227001,57.269001,645.067993
113.909782,22.670366,60.832001,57.875000,644.974976
113.909782,22.670368,63.798000,60.840000,645.476013
113.909782,22.670368,64.960999,62.004002,645.502014
113.909782,22.670368,65.252998,62.294998,645.369995
113.909782,22.670370,65.016998,62.058998,645.271973
113.909782,22.670370,64.670998,61.714001,645.075989
113.909782,22.670370,64.161003,61.203999,644.875000
113.909782,22.670370,63.980999,61.023998,644.773987
113.909782,22.670370,62.894001,59.937000,644.677002
113.909790,22.670370,62.453999,59.495998,644.661987
113.909790,22.670370,62.240002,59.283001,644.526978
113.909790,22.670370,62.368000,59.410999,644.393005
113.909790,22.670370,62.140999,59.182999,644.377991
113.909790,22.670370,59.591999,56.634998,643.940979
113.909798,22.670372,60.314999,57.358002,643.948975
113.909798,22.670372,59.980000,57.022999,643.879028
113.909798,22.670374,60.845001,57.887001,643.818970
113.909798,22.670374,62.825001,59.868000,644.073975
113.909805,22.670374,61.657001,58.699001,644.218018
113.909805,22.670376,59.436001,56.479000,644.169983
113.909805,22.670376,59.317001,56.360001,644.231995
113.909813,22.670376,59.650002,56.693001,644.145996
113.909813,22.670378,61.130001,58.173000,644.081970
113.909813,22.670378,61.313000,58.355000,644.020996
113.909813,22.670378,64.130997,61.173000,643.690979
113.909813,22.670378,59.973999,57.015999,642.885010
113.909821,22.670378,59.605999,56.648998,642.695007
113.909821,22.670378,60.150002,57.193001,642.638977
113.909393,22.670170,64.605003,61.646999,119301.453125
113.909393,22.670170,64.605003,61.646999,119301.453125
113.909393,22.670170,64.605003,61.646999,119301.453125
113.909393,22.670170,64.605003,61.646999,119301.453125
113.909393,22.670170,64.605003,61.646999,119301.453125
113.909393,22.670170,64.605003,61.646999,119301.453125
113.909393,22.670170,64.605003,61.646999,119301.453125
113.909393,22.670170,64.605003,61.646999,119312.726563
113.909393,22.670170,64.605003,61.646999,119312.726563
113.909393,22.670170,64.605003,61.646999,119312.726563
113.909393,22.670170,64.605003,61.646999,119312.726563
113.909393,22.670170,64.605003,61.646999,119312.726563
113.909393,22.670170,64.605003,61.646999,119312.726563
113.909393,22.670170,64.605003,61.646999,119312.726563
113.909393,22.670170,64.605003,61.646999,119312.726563
113.909393,22.670170,64.605003,61.646999,119312.726563
113.909393,22.670170,64.605003,61.646999,119312.726563
113.909393,22.670170,64.605003,61.646999,119312.726563
113.909393,22.670170,64.605003,61.646999,119312.726563
113.909393,22.670170,64.605003,61.646999,119312.726563
113.909393,22.670170,64.605003,61.646999,119312.726563
113.909393,22.670170,64.605003,61.646999,119312.726563
113.909393,22.670170,64.605003,61.646999,119312.726563
113.909393,22.670170,64.605003,61.646999,119312.726563
113.909393,22.670170,64.605003,61.646999,119312.726563
113.909393,22.670170,64.605003,61.646999,119312.726563
113.909393,22.670170,64.605003,61.646999,119312.734375
113.909393,22.670170,64.605003,61.646999,119312.734375
113.909393,22.670170,64.605003,61.646999,119312.734375
113.909393,22.670170,64.605003,61.646999,119312.734375
113.909393,22.670170,64.605003,61.646999,119312.734375
113.909393,22.670170,64.605003,61.646999,119312.734375
113.909393,22.670170,64.605003,61.646999,119312.734375
113.909393,22.670170,64.605003,61.646999,119312.734375
113.909393,22.670170,64.605003,61.646999,119312.734375
113.909393,22.670170,64.605003,61.646999,119312.734375
113.909393,22.670170,64.605003,61.646999,119312.734375
113.909393,22.670170,64.605003,61.646999,119312.742188
113.909393,22.670170,64.605003,61.646999,119312.742188
113.909195,22.670023,64.606003,61.646999,707.106995
113.909622,22.670309,47.028999,44.071999,39.919998
113.909668,22.670330,45.457001,42.499001,39.176998
113.909698,22.670351,47.050999,44.094002,33.039001
113.909721,22.670368,49.727001,46.769001,26.167000
113.909737,22.670376,50.772999,47.814999,22.181999
113.909729,22.670382,49.437000,46.479000,19.506001
113.909721,22.670380,49.307999,46.349998,17.646000
113.909714,22.670383,49.229000,46.271000,16.191000
113.909714,22.670383,49.551998,46.594002,15.042000
113.909721,22.670387,49.842999,46.884998,14.114000
113.909714,22.670382,50.439999,47.481998,13.272000
113.909691,22.670366,51.556000,48.598000,12.562000
113.909683,22.670359,51.974998,49.018002,12.021000
113.909676,22.670355,52.695999,49.737999,11.629000
113.909668,22.670349,52.914001,49.956001,11.234000
113.909660,22.670349,52.624001,49.666000,10.891000
113.909660,22.670345,52.747002,49.789001,10.555000
113.909660,22.670349,52.702000,49.744999,10.266000
113.909668,22.670353,52.608002,49.650002,10.010000
113.909668,22.670353,52.852001,49.894001,9.761000
113.909668,22.670355,53.050999,50.092999,9.524000
113.909668,22.670357,53.153999,50.195999,9.329000
113.909660,22.670357,53.327000,50.368999,9.129000
113.909660,22.670357,53.411999,50.455002,8.942000
113.909660,22.670357,53.382000,50.424000,8.772000
113.909653,22.670357,53.386002,50.428001,8.611000
113.909653,22.670357,53.347000,50.389000,8.471000
113.909645,22.670357,53.367001,50.409000,8.337000
113.909645,22.670357,53.403999,50.445999,8.208000
113.909645,22.670355,53.507999,50.550999,8.079000
113.909637,22.670355,53.570999,50.612999,7.962000
113.909637,22.670355,53.719002,50.761002,7.840000
113.909637,22.670353,53.757999,50.799999,7.729000
113.909637,22.670353,53.818001,50.860001,7.623000
113.909637,22.670353,53.939999,50.981998,7.508000
113.909637,22.670353,54.014999,51.056999,7.411000
113.909637,22.670353,54.134998,51.176998,7.310000
113.909637,22.670353,54.193001,51.235001,7.221000
113.909637,22.670353,54.286999,51.330002,7.135000
113.909637,22.670355,54.359001,51.402000,7.051000
113.909637,22.670355,54.431000,51.473000,6.971000
113.909637,22.670355,54.563000,51.605000,6.887000
113.909637,22.670355,54.674999,51.716999,6.816000
113.909637,22.670355,54.833000,51.875000,6.745000
113.909637,22.670355,54.994999,52.036999,6.678000
113.909637,22.670357,55.150002,52.192001,6.616000
113.909645,22.670357,55.278000,52.320000,6.547000
113.909645,22.670357,55.382000,52.424000,6.480000
113.909645,22.670357,55.493000,52.535000,6.416000
113.909645,22.670357,55.584999,52.626999,6.358000
113.909645,22.670357,55.629002,52.671001,6.317000
113.909645,22.670357,55.674000,52.716000,6.276000
113.909645,22.670357,55.710999,52.754002,6.236000
113.909645,22.670357,55.750000,52.792000,6.196000
113.909645,22.670359,55.782001,52.824001,6.158000
113.909645,22.670359,55.813000,52.855000,6.115000
113.909645,22.670359,55.832001,52.874001,6.071000
113.909645,22.670359,55.874001,52.917000,6.020000
113.909653,22.670359,55.909000,52.951000,5.969000
113.909653,22.670359,55.933998,52.977001,5.922000
113.909653,22.670361,55.944000,52.986000,5.872000
113.909653,22.670361,55.972000,53.014000,5.823000
113.909653,22.670361,55.998001,53.040001,5.775000
113.909653,22.670361,55.990002,53.032001,5.728000
113.909653,22.670361,55.995998,53.037998,5.681000
113.909653,22.670362,55.994999,53.036999,5.636000
113.909653,22.670362,55.980000,53.021999,5.597000
113.909653,22.670362,55.949001,52.991001,5.554000
113.909653,22.670362,55.915001,52.957001,5.514000
113.909660,22.670362,55.926998,52.969002,5.477000
113.909660,22.670362,55.932999,52.974998,5.439000
113.909660,22.670362,55.937000,52.979000,5.399000
113.909660,22.670362,55.965000,53.007000,5.360000
113.909660,22.670362,56.007999,53.049999,5.322000
113.909660,22.670362,56.028999,53.070999,5.288000
113.909660,22.670364,56.050999,53.092999,5.252000
113.909660,22.670364,56.078999,53.120998,5.218000
113.909660,22.670364,56.111000,53.153000,5.184000
113.909660,22.670364,56.153999,53.195999,5.151000
113.909660,22.670364,56.187000,53.229000,5.122000
113.909668,22.670364,56.230999,53.272999,5.090000
113.909668,22.670364,56.299999,53.342999,5.059000
113.909668,22.670364,56.344002,53.386002,5.028000
113.909668,22.670364,56.386002,53.429001,5.000000
113.909668,22.670364,56.418999,53.462002,4.973000
113.909668,22.670364,56.473999,53.515999,4.946000
113.909668,22.670364,56.515999,53.557999,4.917000
113.909668,22.670364,56.560001,53.602001,4.889000
113.909668,22.670364,56.623001,53.665001,4.862000
113.909668,22.670364,56.679001,53.722000,4.836000
113.909676,22.670364,56.702000,53.743999,4.812000
113.909676,22.670364,56.734001,53.776001,4.786000
113.909676,22.670366,56.769001,53.811001,4.761000
113.909676,22.670366,56.807999,53.851002,4.736000
113.909676,22.670366,56.853001,53.895000,4.712000
113.909676,22.670366,56.862000,53.903999,4.688000
113.909676,22.670366,56.889000,53.931000,4.664000
113.909676,22.670366,56.902000,53.944000,4.641000
113.909676,22.670366,56.941002,53.983002,4.620000
113.909676,22.670366,56.949001,53.991001,4.600000
113.909676,22.670366,56.993999,54.035999,4.582000
113.909676,22.670366,57.016998,54.058998,4.564000
113.909676,22.670366,57.071999,54.113998,4.535000
113.909676,22.670366,57.113998,54.155998,4.517000
113.909676,22.670366,57.160000,54.202000,4.501000
113.909676,22.670366,57.216999,54.258999,4.482000
113.909676,22.670366,57.271000,54.313000,4.464000
113.909676,22.670366,57.320000,54.362000,4.448000
113.909676,22.670366,57.380001,54.422001,4.431000
113.909676,22.670366,57.438000,54.480999,4.414000
113.909676,22.670366,57.487999,54.530998,4.398000
113.909676,22.670366,57.548000,54.590000,4.380000
113.909676,22.670366,57.609001,54.651001,4.363000
113.909676,22.670364,57.657001,54.700001,4.347000
113.909676,22.670364,57.715000,54.757000,4.331000
113.909676,22.670364,57.764000,54.806000,4.316000
113.909676,22.670364,57.825001,54.868000,4.300000
113.909676,22.670364,57.875000,54.917999,4.286000
113.909676,22.670364,57.938999,54.981998,4.272000
113.909676,22.670364,57.991001,55.033001,4.258000
113.909676,22.670364,58.041000,55.083000,4.245000
113.909676,22.670364,58.101002,55.144001,4.231000
113.909676,22.670364,58.152000,55.194000,4.218000
113.909676,22.670364,58.200001,55.242001,4.205000
113.909676,22.670364,58.261002,55.304001,4.190000
113.909676,22.670364,58.311001,55.354000,4.177000
113.909676,22.670364,58.373001,55.415001,4.163000
113.909676,22.670364,58.433998,55.476002,4.150000
113.909676,22.670364,58.487000,55.529999,4.137000
113.909676,22.670364,58.547001,55.589001,4.124000
113.909676,22.670362,58.599998,55.641998,4.111000
113.909676,22.670362,58.650002,55.693001,4.098000
113.909676,22.670364,58.702000,55.743999,4.086000
113.909492,22.670349,52.839001,49.880001,4.091000
113.909447,22.670345,51.743999,48.785000,3.933000
113.909424,22.670345,51.393002,48.435001,3.738000
113.909416,22.670343,51.317001,48.359001,3.534000
113.909409,22.670343,51.363998,48.405998,3.406000
113.909401,22.670343,51.449001,48.491001,3.365000
113.909401,22.670343,51.539001,48.581001,3.325000
113.909401,22.670343,51.647999,48.688999,3.290000
113.909393,22.670343,51.747002,48.787998,3.255000
113.909393,22.670345,51.834000,48.875999,3.222000
113.909393,22.670345,51.944000,48.985001,3.193000
113.909393,22.670345,52.043999,49.084999,3.163000
113.909393,22.670345,52.151001,49.193001,3.136000
113.909393,22.670345,52.259998,49.301998,3.108000
113.909393,22.670345,52.352001,49.394001,3.082000
113.909393,22.670345,52.437000,49.478001,3.057000
113.909393,22.670343,52.527000,49.569000,3.034000
113.909386,22.670343,52.618000,49.659000,3.011000
113.909386,22.670343,52.696999,49.737999,2.990000
113.909386,22.670343,52.775002,49.816002,2.969000
113.909386,22.670343,52.861000,49.902000,2.948000
113.909386,22.670343,52.936001,49.977001,2.928000
113.909386,22.670343,53.014000,50.056000,2.909000
113.909386,22.670343,53.094002,50.134998,2.890000
113.909386,22.670343,53.171001,50.212002,2.871000
113.909386,22.670343,53.244999,50.286999,2.852000
113.909386,22.670343,53.318001,50.360001,2.835000
113.909386,22.670343,53.387001,50.428001,2.818000
113.909386,22.670343,53.453999,50.495998,2.801000
113.909386,22.670343,53.521000,50.563000,2.785000
113.909386,22.670343,53.583000,50.624001,2.770000
113.909386,22.670343,53.644001,50.685001,2.755000
113.909386,22.670343,53.693001,50.735001,2.740000
113.909386,22.670343,53.756001,50.798000,2.726000
113.909386,22.670343,53.806000,50.848000,2.712000
113.909386,22.670343,53.853001,50.894001,2.699000
113.909386,22.670343,53.895000,50.937000,2.686000
113.909386,22.670343,53.959999,51.000999,2.672000
113.909386,22.670343,54.006001,51.047001,2.658000
113.909386,22.670343,54.055000,51.096001,2.645000
113.909386,22.670343,54.117001,51.158001,2.633000
113.909386,22.670343,54.179001,51.220001,2.620000
113.909386,22.670343,54.226002,51.268002,2.608000
113.909386,22.670341,54.286999,51.327999,2.596000
113.909386,22.670341,54.334000,51.375999,2.584000
113.909386,22.670341,54.389000,51.430000,2.572000
113.909386,22.670341,54.441002,51.481998,2.560000
113.909386,22.670341,54.497002,51.537998,2.550000
113.909386,22.670341,54.546001,51.587002,2.538000
113.909386,22.670341,54.601002,51.641998,2.527000
113.909386,22.670341,54.632999,51.674999,2.516000
113.909386,22.670341,54.674999,51.716000,2.505000
113.909386,22.670341,54.723000,51.764999,2.495000
113.909386,22.670341,54.748001,51.790001,2.484000
113.909386,22.670341,54.792999,51.834000,2.473000
113.909386,22.670341,54.841999,51.882999,2.461000
113.909386,22.670340,54.877998,51.919998,2.451000
113.909386,22.670340,54.917000,51.958000,2.441000
113.909386,22.670340,54.953999,51.995998,2.430000
113.909386,22.670340,55.005001,52.046001,2.420000
113.909386,22.670340,55.036999,52.078999,2.409000
113.909386,22.670340,55.084999,52.125999,2.399000
113.909386,22.670340,55.115002,52.157001,2.390000
113.909386,22.670340,55.150002,52.192001,2.380000
113.909386,22.670340,55.182999,52.223999,2.371000
113.909386,22.670340,55.228001,52.269001,2.362000
113.909386,22.670340,55.261002,52.301998,2.354000
113.909386,22.670340,55.299999,52.341999,2.345000
113.909386,22.670340,55.334999,52.376999,2.336000
113.909386,22.670340,55.383999,52.425999,2.328000
113.909386,22.670340,55.429001,52.470001,2.319000
113.909386,22.670338,55.464001,52.505001,2.310000
113.909386,22.670338,55.487000,52.528000,2.302000
113.909386,22.670338,55.529999,52.571999,2.294000
113.909386,22.670338,55.680000,52.721001,2.280000
113.909386,22.670338,55.793999,52.834999,2.268000
113.909386,22.670338,55.901001,52.943001,2.255000
113.909386,22.670338,56.014000,53.056000,2.243000
113.909386,22.670338,56.112000,53.153999,2.231000
113.909386,22.670338,56.217999,53.259998,2.219000
113.909386,22.670336,56.321999,53.362999,2.207000
113.909386,22.670336,56.436001,53.478001,2.196000
113.909386,22.670336,56.516998,53.558998,2.185000
113.909386,22.670332,58.021999,55.063999,1.964000
113.909386,22.670332,58.055000,55.097000,1.958000
113.909386,22.670332,58.105000,55.146000,1.951000
113.909386,22.670332,58.141998,55.182999,1.945000
113.909386,22.670332,58.175999,55.217999,1.938000
113.909386,22.670332,58.214001,55.256001,1.932000
113.909386,22.670332,58.259998,55.301998,1.926000
113.909386,22.670332,58.293999,55.335999,1.920000
113.909386,22.670332,58.337002,55.377998,1.914000
113.909386,22.670330,58.394001,55.435001,1.907000
113.909386,22.670330,58.417000,55.458000,1.901000
113.909386,22.670330,58.453999,55.495998,1.895000
113.909386,22.670330,58.481998,55.523998,1.889000
113.909386,22.670330,58.515999,55.557999,1.884000
113.909386,22.670330,58.533001,55.574001,1.878000
113.909386,22.670330,58.567001,55.609001,1.872000
113.909386,22.670330,58.592999,55.633999,1.866000
113.909386,22.670330,58.615002,55.655998,1.861000
113.909386,22.670330,58.665001,55.706001,1.855000
113.909386,22.670330,58.702000,55.743000,1.850000
113.909386,22.670330,58.702999,55.743999,1.844000
113.909386,22.670330,58.721001,55.763000,1.837000
113.909386,22.670330,58.713001,55.754002,1.831000
113.909386,22.670330,58.695000,55.737000,1.820000
113.909386,22.670330,58.688000,55.730000,1.811000
113.909386,22.670330,58.698002,55.738998,1.805000
113.909386,22.670330,58.696999,55.738998,1.799000
113.909386,22.670330,58.701000,55.742001,1.794000
113.909386,22.670330,58.685001,55.726002,1.788000
113.909386,22.670330,58.678001,55.719002,1.783000
113.909386,22.670330,58.674000,55.716000,1.778000
113.909386,22.670330,58.681999,55.723000,1.773000
113.909386,22.670334,58.233002,55.273998,1.582000
113.909386,22.670334,58.213001,55.255001,1.578000
113.909386,22.670334,58.193001,55.235001,1.575000
113.909386,22.670334,58.180000,55.222000,1.571000
113.909386,22.670334,58.171001,55.212002,1.568000
113.909386,22.670334,58.139999,55.181999,1.565000
113.909386,22.670334,58.138000,55.180000,1.562000
113.909386,22.670334,58.146999,55.188000,1.558000
113.909386,22.670334,58.106998,55.147999,1.556000
113.909386,22.670334,58.104000,55.145000,1.553000
113.909386,22.670334,58.098999,55.139999,1.550000
113.909386,22.670334,58.070999,55.112999,1.547000
113.909386,22.670334,58.064999,55.105999,1.543000
113.909386,22.670334,58.039001,55.081001,1.540000
113.909386,22.670334,58.034000,55.076000,1.537000
113.909386,22.670334,58.008999,55.049999,1.534000
113.909386,22.670336,58.016998,55.057999,1.531000
113.909386,22.670336,57.992001,55.034000,1.528000
113.909386,22.670336,57.964001,55.005001,1.524000
113.909386,22.670336,57.956001,54.997002,1.521000
113.909386,22.670336,57.932999,54.974998,1.518000
113.909386,22.670336,57.911999,54.952999,1.515000
113.909386,22.670336,57.898998,54.941002,1.512000
113.909386,22.670336,57.875000,54.917000,1.509000
113.909386,22.670336,57.856998,54.897999,1.506000
113.909386,22.670336,57.833000,54.874001,1.503000
113.909386,22.670336,57.816002,54.858002,1.500000
113.909386,22.670336,57.807999,54.848999,1.497000
113.909386,22.670336,57.776001,54.818001,1.494000
113.909386,22.670336,57.764000,54.806000,1.493000
113.909386,22.670336,57.737999,54.778999,1.490000
113.909386,22.670336,57.723999,54.764999,1.486000
113.909386,22.670336,57.716000,54.757000,1.483000
113.909386,22.670336,57.678001,54.719002,1.480000
113.909386,22.670336,57.667000,54.709000,1.477000
113.909386,22.670336,57.647999,54.688999,1.474000
113.909386,22.670336,57.630001,54.672001,1.471000
113.909386,22.670336,57.605000,54.646000,1.469000
113.909386,22.670336,57.595001,54.636002,1.466000
113.909386,22.670336,57.587002,54.627998,1.463000
113.909386,22.670336,57.556000,54.597000,1.461000
113.909386,22.670336,57.557999,54.599998,1.458000
113.909386,22.670336,57.530998,54.571999,1.455000
113.909386,22.670336,57.508999,54.549999,1.453000
113.909386,22.670336,57.507000,54.548000,1.450000
113.909386,22.670336,57.477001,54.518002,1.447000
113.909386,22.670336,57.455002,54.497002,1.445000
113.909386,22.670336,57.453999,54.494999,1.442000
113.909386,22.670338,57.418999,54.459999,1.440000
113.909386,22.670338,57.402000,54.443001,1.437000
113.909386,22.670338,57.382999,54.424000,1.435000
113.909386,22.670338,57.368999,54.410000,1.432000
113.909386,22.670338,57.355000,54.396000,1.430000
113.909386,22.670338,57.339001,54.381001,1.428000
113.909386,22.670338,57.327999,54.369999,1.426000
113.909386,22.670338,57.306000,54.347000,1.423000
113.909386,22.670338,57.287998,54.330002,1.421000
113.909386,22.670338,57.269001,54.310001,1.419000
113.909386,22.670338,57.264000,54.305000,1.417000
113.909386,22.670338,57.249001,54.290001,1.415000
113.909386,22.670338,57.236000,54.277000,1.413000
113.909386,22.670338,57.228001,54.270000,1.411000
113.909386,22.670338,57.191002,54.231998,1.408000
113.909386,22.670338,57.202999,54.244999,1.406000
113.909386,22.670338,57.172001,54.213001,1.404000
113.909386,22.670338,57.161999,54.203999,1.402000
113.909386,22.670338,57.167000,54.209000,1.400000
113.909386,22.670338,57.136002,54.176998,1.398000
113.909386,22.670338,57.124001,54.165001,1.396000
113.909386,22.670338,57.126999,54.167999,1.394000
113.909386,22.670338,57.106998,54.147999,1.392000
113.909386,22.670338,57.102001,54.143002,1.390000
113.909386,22.670338,57.097000,54.139000,1.388000
113.909386,22.670338,57.090000,54.132000,1.385000
113.909386,22.670338,57.076000,54.118000,1.383000
113.909386,22.670338,57.066002,54.106998,1.381000
113.909386,22.670338,57.057999,54.098999,1.379000
113.909386,22.670338,57.044998,54.087002,1.377000
113.909386,22.670338,57.035999,54.077000,1.375000
113.909386,22.670338,57.030998,54.071999,1.373000
113.909386,22.670338,57.016998,54.057999,1.371000
113.909386,22.670338,57.009998,54.050999,1.368000
113.909386,22.670338,57.006001,54.047001,1.367000
113.909386,22.670338,56.986000,54.027000,1.365000
113.909386,22.670338,56.986000,54.027000,1.363000
113.909386,22.670338,56.972000,54.014000,1.360000
113.909386,22.670338,56.959999,54.000999,1.358000
113.909386,22.670338,56.948002,53.990002,1.356000
113.909386,22.670338,56.937000,53.979000,1.354000
113.909386,22.670338,56.930000,53.971001,1.352000
113.909386,22.670338,56.916000,53.958000,1.350000
113.909386,22.670338,56.912998,53.955002,1.348000
113.909386,22.670338,56.896999,53.938000,1.347000
113.909386,22.670338,56.891998,53.932999,1.345000
113.909386,22.670338,56.881001,53.922001,1.343000
113.909386,22.670338,56.866001,53.908001,1.341000
113.909386,22.670338,56.862999,53.903999,1.339000
113.909386,22.670338,56.851002,53.891998,1.337000
113.909386,22.670338,56.853001,53.895000,1.335000
113.909386,22.670338,56.840000,53.881001,1.334000
113.909386,22.670338,56.827000,53.868000,1.332000
113.909386,22.670338,56.826000,53.867001,1.330000
113.909386,22.670338,56.817001,53.858002,1.328000
113.909386,22.670338,56.806000,53.847000,1.326000
113.909386,22.670338,56.810001,53.851002,1.325000
113.909386,22.670338,56.801998,53.842999,1.323000
113.909386,22.670338,56.796001,53.837002,1.321000
113.909386,22.670338,56.789001,53.831001,1.320000
113.909386,22.670338,56.783001,53.824001,1.318000
113.909386,22.670338,56.771999,53.813000,1.316000
113.909386,22.670338,56.765999,53.807999,1.315000
113.909386,22.670338,56.755001,53.796001,1.313000
113.909386,22.670338,56.750000,53.792000,1.312000
113.909386,22.670338,56.742001,53.783001,1.310000
113.909386,22.670338,56.729000,53.771000,1.309000
113.909386,22.670338,56.728001,53.769001,1.307000
113.909386,22.670338,56.714001,53.755001,1.305000
113.909386,22.670338,56.710999,53.752998,1.304000
113.909386,22.670338,56.699001,53.741001,1.302000
113.909386,22.670338,56.693001,53.734001,1.301000
113.909386,22.670338,56.682999,53.723999,1.299000
113.909386,22.670338,56.681000,53.722000,1.298000
113.909386,22.670338,56.666000,53.708000,1.296000
113.909386,22.670338,56.660999,53.702000,1.295000
113.909386,22.670338,56.655998,53.696999,1.294000
113.909386,22.670338,56.641998,53.682999,1.292000
113.909386,22.670338,56.632999,53.674000,1.291000
113.909386,22.670338,56.631001,53.673000,1.289000
113.909386,22.670338,56.612000,53.653000,1.288000
113.909386,22.670338,56.615002,53.657001,1.287000
113.909386,22.670338,56.603001,53.644001,1.285000
113.909386,22.670338,56.590000,53.631001,1.284000
113.909386,22.670338,56.596001,53.638000,1.283000
113.909386,22.670338,56.583000,53.624001,1.281000
113.909386,22.670338,56.583000,53.624001,1.280000
113.909386,22.670338,56.577999,53.619999,1.279000
113.909386,22.670338,56.580002,53.620998,1.278000
113.909386,22.670338,56.569000,53.611000,1.276000
113.909386,22.670338,56.568001,53.609001,1.275000
113.909386,22.670338,56.563000,53.604000,1.274000
113.909386,22.670338,56.566002,53.606998,1.273000
113.909386,22.670338,56.556000,53.597000,1.271000
113.909386,22.670338,56.549999,53.591999,1.270000
113.909386,22.670338,56.556000,53.598000,1.269000
113.909386,22.670338,56.543999,53.584999,1.268000
113.909386,22.670338,56.540001,53.581001,1.267000
113.909386,22.670338,56.542000,53.583000,1.266000
113.909386,22.670338,56.539001,53.580002,1.265000
113.909386,22.670338,56.528000,53.569000,1.264000
113.909386,22.670338,56.533001,53.575001,1.263000
113.909386,22.670338,56.522999,53.563999,1.262000
113.909386,22.670338,56.522999,53.563999,1.261000
113.909386,22.670338,56.521999,53.563000,1.260000
113.909386,22.670338,56.515999,53.556999,1.259000
113.909386,22.670338,56.509998,53.551998,1.258000
113.909386,22.670338,56.512001,53.554001,1.257000
113.909386,22.670338,56.508999,53.549999,1.256000
113.909386,22.670338,56.508999,53.549999,1.256000
113.909386,22.670338,56.511002,53.551998,1.255000
113.909386,22.670338,56.507000,53.548000,1.254000
113.909386,22.670338,56.502998,53.543999,1.253000
113.909386,22.670338,56.507999,53.549000,1.252000
113.909386,22.670338,56.513000,53.554001,1.251000
113.909386,22.670338,56.502998,53.543999,1.250000
113.909386,22.670338,56.501999,53.542999,1.250000
113.909386,22.670338,56.507999,53.549000,1.249000
113.909386,22.670338,56.507999,53.549000,1.248000
113.909386,22.670338,56.507000,53.548000,1.247000
113.909386,22.670338,56.500999,53.542000,1.246000
113.909386,22.670338,56.506001,53.547001,1.245000
113.909386,22.670338,56.506001,53.547001,1.244000
113.909386,22.670338,56.495998,53.536999,1.243000
113.909386,22.670338,56.507000,53.548000,1.242000
113.909386,22.670338,56.502998,53.543999,1.241000
113.909386,22.670338,56.499001,53.540001,1.241000
113.909386,22.670338,56.509998,53.551998,1.240000
113.909386,22.670338,56.502998,53.543999,1.239000
113.909386,22.670338,56.505001,53.546001,1.238000
113.909386,22.670338,56.505001,53.546001,1.237000
113.909386,22.670338,56.506001,53.547001,1.236000
113.909386,22.670338,56.514999,53.556000,1.236000
113.909386,22.670338,56.518002,53.558998,1.235000
113.909386,22.670338,56.519001,53.561001,1.234000
113.909386,22.670338,56.519001,53.560001,1.233000
113.909386,22.670338,56.532001,53.573002,1.232000
113.909386,22.670338,56.535999,53.577999,1.231000
113.909386,22.670338,56.534000,53.575001,1.230000
113.909386,22.670338,56.540001,53.581001,1.230000
113.909386,22.670336,56.542000,53.583000,1.229000
113.909386,22.670336,56.548000,53.589001,1.228000
113.909386,22.670336,56.550999,53.591999,1.227000
113.909386,22.670336,56.549000,53.590000,1.226000
113.909386,22.670336,56.562000,53.603001,1.225000
113.909386,22.670336,56.554001,53.595001,1.224000
113.909386,22.670336,56.563999,53.605999,1.224000
113.909386,22.670336,56.568001,53.609001,1.223000
113.909386,22.670336,56.567001,53.609001,1.222000
113.909386,22.670336,56.571999,53.613998,1.221000
113.909386,22.670336,56.567001,53.609001,1.221000
113.909386,22.670336,56.574001,53.616001,1.220000
113.909386,22.670336,56.578999,53.619999,1.220000
113.909386,22.670336,56.583000,53.625000,1.219000
113.909386,22.670336,56.590000,53.631001,1.219000
113.909386,22.670336,56.594002,53.636002,1.218000
113.909386,22.670336,56.598000,53.639000,1.218000
113.909386,22.670336,56.609001,53.650002,1.217000
113.909386,22.670336,56.609001,53.651001,1.216000
113.909386,22.670336,56.613998,53.655998,1.216000
113.909386,22.670336,56.625999,53.667999,1.215000
113.909386,22.670336,56.622002,53.662998,1.215000
113.909386,22.670336,56.638000,53.679001,1.214000
113.909386,22.670336,56.637001,53.678001,1.214000
113.909386,22.670336,56.646000,53.688000,1.213000
113.909386,22.670336,56.655998,53.698002,1.212000
113.909386,22.670336,56.653000,53.694000,1.212000
113.909386,22.670336,56.669998,53.712002,1.211000
113.909386,22.670336,56.681000,53.723000,1.210000
113.909386,22.670336,56.679001,53.720001,1.210000
113.909386,22.670336,56.687000,53.728001,1.209000
113.909386,22.670336,56.699001,53.740002,1.209000
113.909386,22.670336,56.709999,53.750999,1.208000
113.909386,22.670334,56.715000,53.756001,1.207000
113.909386,22.670334,56.723000,53.764999,1.207000
113.909386,22.670334,56.737000,53.778000,1.206000
113.909386,22.670334,56.748001,53.789001,1.206000
113.909386,22.670334,56.750000,53.791000,1.205000
113.909386,22.670334,56.764000,53.805000,1.205000
113.909386,22.670334,56.772999,53.813999,1.204000
113.909386,22.670334,56.779999,53.821999,1.204000
113.909386,22.670334,56.794998,53.837002,1.203000
113.909386,22.670334,56.799999,53.841000,1.203000
113.909386,22.670334,56.825001,53.867001,1.202000
113.909386,22.670334,56.837002,53.877998,1.202000
113.909386,22.670334,56.852001,53.894001,1.201000
113.909386,22.670334,56.862999,53.903999,1.200000
113.909386,22.670334,56.890999,53.931999,1.200000
113.909386,22.670334,56.894001,53.935001,1.199000
113.909386,22.670334,56.909000,53.950001,1.198000
113.909386,22.670334,56.922001,53.963001,1.198000
113.909386,22.670334,56.931999,53.973000,1.197000
113.909386,22.670334,56.949001,53.990002,1.196000
113.909386,22.670334,56.959000,54.000999,1.196000
113.909386,22.670334,56.973000,54.014999,1.195000
113.909386,22.670334,56.991001,54.032001,1.194000
113.909386,22.670332,57.000999,54.042999,1.193000
113.909386,22.670332,57.018002,54.058998,1.193000
113.909386,22.670332,57.041000,54.083000,1.192000
113.909386,22.670332,57.051998,54.092999,1.191000
113.909386,22.670332,57.063999,54.105999,1.190000
113.909386,22.670332,57.087002,54.127998,1.190000
113.909386,22.670332,57.108002,54.150002,1.189000
113.909386,22.670332,57.122002,54.164001,1.188000
113.909386,22.670332,57.141998,54.183998,1.188000
113.909386,22.670332,57.162998,54.203999,1.187000
113.909386,22.670332,57.176998,54.217999,1.186000
113.909386,22.670332,57.201000,54.242001,1.185000
113.909386,22.670332,57.219002,54.261002,1.185000
113.909386,22.670332,57.230999,54.271999,1.184000
113.909386,22.670332,57.254002,54.294998,1.183000
113.909386,22.670332,57.271999,54.313999,1.182000
113.909386,22.670332,57.296001,54.337002,1.181000
113.909386,22.670330,57.320000,54.361000,1.180000
113.909386,22.670330,57.335999,54.376999,1.180000
113.909386,22.670330,57.360001,54.401001,1.179000
113.909386,22.670330,57.376999,54.417999,1.178000
113.909386,22.670330,57.396999,54.438000,1.177000
113.909386,22.670330,57.416000,54.458000,1.177000
113.909386,22.670330,57.435001,54.477001,1.176000
113.909386,22.670330,57.462002,54.502998,1.176000
113.909386,22.670330,57.469002,54.511002,1.175000
113.909386,22.670330,57.497002,54.539001,1.174000
113.909386,22.670330,57.523998,54.564999,1.174000
113.909386,22.670330,57.542999,54.584000,1.173000
113.909386,22.670330,57.570000,54.612000,1.172000
113.909386,22.670330,57.591000,54.632999,1.172000
113.909386,22.670330,57.608002,54.650002,1.171000
113.909386,22.670330,57.633999,54.675999,1.171000
113.909386,22.670330,57.648998,54.689999,1.170000
113.909386,22.670330,57.676998,54.717999,1.170000
113.909386,22.670328,57.695000,54.737000,1.169000
113.909386,22.670328,57.709999,54.751999,1.168000
113.909386,22.670328,57.742001,54.784000,1.168000
113.909386,22.670328,57.761002,54.803001,1.167000
113.909386,22.670328,57.780998,54.821999,1.167000
113.909386,22.670328,57.801998,54.842999,1.166000
113.909386,22.670328,57.817001,54.858002,1.166000
113.909386,22.670328,57.845001,54.886002,1.165000
113.909386,22.670328,57.855999,54.897999,1.165000
113.909386,22.670328,57.879002,54.919998,1.164000
113.909386,22.670328,57.897999,54.938999,1.164000
113.909386,22.670328,57.924000,54.966000,1.163000
113.909386,22.670328,57.930000,54.971001,1.163000
113.909386,22.670328,57.956001,54.998001,1.162000
113.909378,22.670328,57.978001,55.020000,1.162000
113.909378,22.670328,57.988998,55.029999,1.161000
113.909378,22.670328,58.019001,55.061001,1.161000
113.909378,22.670328,58.040001,55.082001,1.161000
113.909378,22.670326,58.050999,55.092999,1.160000
113.909378,22.670326,58.073002,55.113998,1.160000
113.909378,22.670326,58.087002,55.127998,1.159000
113.909378,22.670326,58.108002,55.150002,1.159000
113.909378,22.670326,58.122002,55.162998,1.158000
113.909378,22.670326,58.146000,55.187000,1.158000
113.909378,22.670326,58.154999,55.195999,1.158000
113.909378,22.670326,58.181999,55.223999,1.157000
113.909378,22.670326,58.195999,55.237000,1.157000
113.909378,22.670326,58.219002,55.259998,1.156000
113.909378,22.670326,58.229000,55.270000,1.156000
113.909378,22.670326,58.247002,55.289001,1.156000
113.909378,22.670326,58.262001,55.303001,1.155000
113.909378,22.670326,58.276001,55.317001,1.155000
113.909378,22.670326,58.285999,55.327000,1.154000
113.909378,22.670326,58.299999,55.341000,1.154000
113.909378,22.670326,58.317001,55.358002,1.153000
113.909378,22.670326,58.326000,55.367001,1.153000
113.909378,22.670326,58.338001,55.380001,1.153000
113.909378,22.670326,58.349998,55.390999,1.152000
113.909378,22.670326,58.363998,55.405998,1.152000
113.909378,22.670326,58.369999,55.410999,1.152000
113.909378,22.670326,58.390999,55.432999,1.151000
113.909378,22.670326,58.394001,55.436001,1.151000
113.909378,22.670326,58.405998,55.448002,1.151000
113.909378,22.670326,58.425999,55.466999,1.150000
113.909378,22.670326,58.418999,55.459999,1.150000
113.909378,22.670324,58.446999,55.488998,1.150000
113.909378,22.670324,58.460999,55.501999,1.149000
113.909378,22.670324,58.466999,55.507999,1.149000
113.909378,22.670324,58.480999,55.521999,1.149000
113.909378,22.670324,58.488998,55.530998,1.148000
113.909378,22.670324,58.507999,55.549000,1.148000
113.909378,22.670324,58.519001,55.560001,1.147000
113.909378,22.670324,58.533001,55.574001,1.147000
113.909378,22.670324,58.543999,55.585999,1.146000
113.909378,22.670324,58.556999,55.598999,1.146000
113.909378,22.670324,58.570999,55.612999,1.145000
113.909378,22.670324,58.587002,55.627998,1.145000
113.909378,22.670324,58.595001,55.636002,1.144000
113.909378,22.670324,58.612999,55.653999,1.143000
113.909378,22.670324,58.624001,55.665001,1.143000
113.909378,22.670324,58.640999,55.681999,1.142000
113.909378,22.670324,58.653999,55.695000,1.142000
113.909378,22.670324,58.669998,55.710999,1.141000
113.909378,22.670324,58.682999,55.723999,1.141000
113.909378,22.670324,58.689999,55.730999,1.140000
113.909378,22.670324,58.709999,55.750999,1.140000
113.909378,22.670324,58.721001,55.762001,1.139000
113.909378,22.670324,58.740002,55.782001,1.139000
113.909378,22.670324,58.757000,55.799000,1.138000
113.909378,22.670324,58.761002,55.803001,1.138000
113.909378,22.670324,58.785999,55.827000,1.137000
113.909378,22.670324,58.793999,55.834999,1.137000
113.909378,22.670324,58.816002,55.858002,1.136000
113.909378,22.670324,58.827000,55.868000,1.136000
113.909378,22.670324,58.848000,55.889000,1.135000
113.909378,22.670322,58.865002,55.907001,1.135000
113.909378,22.670322,58.882999,55.924999,1.134000
113.909378,22.670322,58.896000,55.937000,1.134000
113.909378,22.670322,58.914001,55.956001,1.133000
113.909378,22.670322,58.932999,55.973999,1.132000
113.909378,22.670322,58.944000,55.985001,1.132000
113.909378,22.670322,58.966000,56.007000,1.131000
113.909378,22.670322,58.974998,56.015999,1.131000
113.909378,22.670322,58.995998,56.036999,1.130000
113.909378,22.670322,59.007000,56.048000,1.130000
113.909378,22.670322,59.019001,56.060001,1.129000
113.909378,22.670322,59.042000,56.083000,1.129000
113.909378,22.670322,59.054001,56.096001,1.128000
113.909378,22.670322,59.071999,56.112999,1.128000
113.909378,22.670322,59.083000,56.125000,1.127000
113.909378,22.670322,59.098999,56.139999,1.127000
113.909378,22.670322,59.116001,56.158001,1.126000
113.909378,22.670322,59.131001,56.172001,1.126000
113.909378,22.670322,59.141998,56.182999,1.125000
113.909378,22.670322,59.161999,56.203999,1.125000
113.909378,22.670322,59.168999,56.210999,1.124000
113.909378,22.670322,59.191002,56.233002,1.124000
113.909378,22.670322,59.202000,56.243000,1.123000
113.909378,22.670322,59.216999,56.257999,1.123000
113.909378,22.670322,59.226002,56.268002,1.122000
113.909378,22.670322,59.241001,56.283001,1.121000
113.909378,22.670322,59.258999,56.300999,1.121000
113.909378,22.670322,59.264999,56.306000,1.120000
113.909378,22.670322,59.279999,56.320999,1.120000
113.909378,22.670322,59.292999,56.334000,1.120000
113.909378,22.670322,59.299000,56.340000,1.119000
113.909378,22.670321,59.306000,56.347000,1.119000
113.909378,22.670321,59.321999,56.362999,1.119000
113.909378,22.670321,59.331001,56.372002,1.118000
113.909378,22.670321,59.344002,56.384998,1.118000
113.909378,22.670321,59.359001,56.400002,1.117000
113.909378,22.670321,59.359001,56.401001,1.117000
113.909378,22.670321,59.379002,56.421001,1.116000
113.909378,22.670321,59.389000,56.430000,1.116000
113.909378,22.670321,59.395000,56.436001,1.115000
113.909378,22.670321,59.418999,56.460999,1.115000
113.909378,22.670321,59.418999,56.459999,1.115000
113.909378,22.670321,59.424999,56.466000,1.114000
113.909378,22.670321,59.443001,56.484001,1.114000
113.909378,22.670321,59.446999,56.488998,1.114000
113.909378,22.670321,59.467999,56.509998,1.113000
113.909378,22.670321,59.470001,56.512001,1.113000
113.909378,22.670321,59.485001,56.527000,1.113000
113.909378,22.670321,59.497002,56.539001,1.112000
113.909378,22.670321,59.508999,56.549999,1.112000
113.909378,22.670321,59.519001,56.560001,1.112000
113.909378,22.670321,59.528999,56.570000,1.111000
113.909378,22.670321,59.529999,56.570999,1.111000
113.909378,22.670321,59.549000,56.590000,1.111000
113.909378,22.670321,59.560001,56.602001,1.110000
113.909378,22.670321,59.567001,56.608002,1.110000
